     INDEX             SIGMA               VAI              VFIT
         1      0.664451E-01      0.848251E+04      0.809775E+04
         2      0.545293E+00     -0.107980E+03     -0.861641E+02
         3      0.607486E+00     -0.230016E+03     -0.246297E+03
         4      0.126637E+00      0.383279E+04      0.438123E+04
         5      0.500144E+00     -0.374801E+00     -0.167007E+01
         6      0.304409E+00      0.835282E+03      0.115579E+04
         7      0.500255E+00     -0.663584E+00     -0.162825E+01
         8      0.500053E+00     -0.137184E+00     -0.166999E+01
         9      0.505857E+00     -0.150526E+02     -0.493964E+01
        10      0.500128E+00     -0.333864E+00     -0.167006E+01
        11      0.499996E+00      0.945506E-02     -0.166952E+01
        12      0.499976E+00      0.624755E-01     -0.166950E+01
        13      0.499985E+00      0.377060E-01     -0.164809E+01
        14      0.465315E+00      0.969035E+02      0.183583E+03
        15      0.500081E+00     -0.209871E+00     -0.167222E+01
        16      0.500146E+00     -0.380356E+00     -0.167001E+01
        17      0.369053E+00      0.461266E+03      0.385127E+03
        18      0.500038E+00     -0.979215E-01     -0.166940E+01
        19      0.112541E+00      0.447567E+04      0.386256E+04
        20      0.306737E+00      0.819079E+03      0.940099E+03
        21      0.500175E+00     -0.453786E+00     -0.167007E+01
        22      0.874478E+00     -0.556700E+03     -0.555688E+03
        23      0.296543E+00      0.891922E+03      0.120871E+04
        24      0.528525E+00     -0.701620E+02     -0.523794E+02
        25      0.114393E+00      0.438219E+04      0.407258E+04
        26      0.659422E+00     -0.314289E+03     -0.241023E+03
        27      0.501517E+00     -0.393334E+01     -0.281291E+01
        28      0.500197E+00     -0.511640E+00     -0.166982E+01
        29      0.507222E+00     -0.185108E+02     -0.163761E+02
        30      0.338124E+00      0.622371E+03      0.803098E+03
        31      0.607777E-01      0.939472E+04      0.104816E+05
        32      0.693828E-01      0.806831E+04      0.812297E+04
        33      0.522816E+00     -0.567335E+02     -0.638275E+02
        34      0.574364E+00     -0.168313E+03     -0.129689E+03
        35      0.500246E+00     -0.638997E+00     -0.167096E+01
        36      0.500134E+00     -0.347816E+00     -0.167003E+01
        37      0.500127E+00     -0.329783E+00     -0.167000E+01
        38      0.500098E+00     -0.253848E+00     -0.167198E+01
        39      0.500158E+00     -0.411547E+00     -0.167828E+01
        40      0.276155E+00      0.105375E+04      0.111185E+04
        41      0.500956E+00     -0.248031E+01     -0.155835E+01
        42      0.499855E+00      0.377872E+00     -0.166937E+01
        43      0.530219E+00     -0.740915E+02     -0.132974E+03
        44      0.499063E+00      0.244029E+01      0.321518E+00
        45      0.507161E+00     -0.183562E+02     -0.837240E+01
        46      0.479913E+00      0.544124E+02     -0.228988E+02
        47      0.634548E+00     -0.275648E+03     -0.245701E+03
        48      0.255129E+00      0.124773E+04      0.158774E+04
        49      0.331101E+00      0.663149E+03      0.589624E+03
        50      0.499940E+00      0.156396E+00     -0.163420E+01
        51      0.840364E-01      0.643474E+04      0.647878E+04
        52      0.336054E+00      0.634210E+03      0.547835E+03
        53      0.499810E+00      0.495365E+00      0.901831E+00
        54      0.148112E+00      0.308858E+04      0.342262E+04
        55      0.500131E+00     -0.340639E+00     -0.167000E+01
        56      0.555886E+00     -0.130697E+03     -0.142812E+03
        57      0.511750E+00     -0.298477E+02     -0.429804E+01
        58      0.507091E+00     -0.181777E+02      0.577282E+01
        59      0.568880E+00     -0.157403E+03     -0.119802E+03
        60      0.395984E+00      0.341482E+03      0.496164E+03
        61      0.444350E+00      0.162810E+03      0.161476E+03
        62      0.500031E+00     -0.818091E-01     -0.167000E+01
        63      0.500107E+00     -0.277652E+00     -0.167001E+01
        64      0.551001E+00     -0.120328E+03     -0.109580E+03
        65      0.155312E+00      0.288512E+04      0.295833E+04
        66      0.502719E+00     -0.703018E+01     -0.219749E+00
        67      0.506414E+00     -0.164644E+02     -0.417409E+02
        68      0.510417E+00     -0.265304E+02     -0.366082E+02
        69      0.945109E-01      0.557752E+04      0.494783E+04
        70      0.500177E+00     -0.459947E+00     -0.167004E+01
        71      0.622053E+00     -0.255073E+03     -0.226563E+03
        72      0.908755E-01      0.585264E+04      0.627088E+04
        73      0.764330E-01      0.720418E+04      0.745206E+04
        74      0.660199E-01      0.854551E+04      0.842908E+04
        75      0.499953E+00      0.122468E+00     -0.166986E+01
        76      0.500014E+00     -0.369913E-01     -0.167009E+01
        77      0.500095E+00     -0.248000E+00     -0.167011E+01
        78      0.510048E+00     -0.256099E+02     -0.349568E+02
        79      0.500062E+00     -0.161684E+00     -0.166483E+01
        80      0.500023E+00     -0.603951E-01     -0.166927E+01
        81      0.500006E+00     -0.143839E-01     -0.166984E+01
        82      0.491052E+00      0.236895E+02     -0.398144E+02
        83      0.499996E+00      0.113889E-01     -0.166767E+01
        84      0.208183E+00      0.182225E+04      0.214708E+04
        85      0.500205E+00     -0.532668E+00     -0.167013E+01
        86      0.499131E+00      0.226408E+01     -0.167738E+01
        87      0.499891E+00      0.283364E+00     -0.537893E+01
        88      0.500123E+00     -0.320360E+00     -0.167002E+01
        89      0.497201E+00      0.731775E+01     -0.525378E+01
        90      0.142595E+00      0.325838E+04      0.263371E+04
        91      0.547837E+00     -0.113515E+03     -0.103232E+03
        92      0.507971E+00     -0.203994E+02     -0.116867E+02
        93      0.499904E+00      0.250528E+00     -0.166603E+01
        94      0.525517E+00     -0.631233E+02     -0.618103E+02
        95      0.271413E+00      0.109487E+04      0.142854E+04
        96      0.219983E+00      0.165477E+04      0.176274E+04
        97      0.502055E+00     -0.532059E+01     -0.461330E+01
        98      0.539746E+00     -0.957306E+02     -0.103021E+03
        99      0.128017E+00      0.377745E+04      0.320572E+04
       100      0.332029E+00      0.657662E+03      0.704100E+03
       101      0.529403E-01      0.109780E+05      0.122248E+05
       102      0.500385E+00     -0.999862E+00     -0.167843E+01
       103      0.519736E+00     -0.493644E+02     -0.450053E+02
       104      0.750581E-01      0.735996E+04      0.791560E+04
       105      0.499971E+00      0.745431E-01     -0.155706E+01
       106      0.108797E+00      0.467442E+04      0.475957E+04
       107      0.499471E+00      0.137568E+01     -0.126256E+01
       108      0.522313E+00     -0.555364E+02     -0.833427E+02
       109      0.500294E+00     -0.762736E+00     -0.166796E+01
       110      0.500029E+00     -0.744624E-01     -0.166986E+01
       111      0.500287E+00     -0.746589E+00     -0.165783E+01
       112      0.500051E+00     -0.132717E+00     -0.166997E+01
       113      0.500112E+00     -0.290298E+00     -0.166971E+01
       114      0.547369E+00     -0.112500E+03     -0.102532E+03
       115      0.500080E+00     -0.207851E+00     -0.166997E+01
       116      0.202716E+00      0.190646E+04      0.207722E+04
       117      0.500014E+00     -0.376917E-01     -0.166993E+01
       118      0.502208E+00     -0.571480E+01     -0.806693E+00
       119      0.500028E+00     -0.738585E-01     -0.166996E+01
       120      0.499610E+00      0.101471E+01     -0.152633E+01
       121      0.499365E+00      0.165196E+01     -0.832243E+00
       122      0.523550E-01      0.111152E+05      0.827232E+04
       123      0.500056E+00     -0.144347E+00     -0.166993E+01
       124      0.499623E+00      0.981797E+00     -0.161146E+01
       125      0.500326E+00     -0.847447E+00     -0.167912E+01
       126      0.986949E-01      0.528595E+04      0.558481E+04
       127      0.507638E+00     -0.195594E+02     -0.250976E+02
       128      0.402889E+00      0.313346E+03      0.300954E+03
       129      0.502705E+00     -0.699631E+01     -0.492436E+01
       130      0.500073E+00     -0.189971E+00     -0.167119E+01
       131      0.499863E+00      0.356254E+00     -0.170917E+01
       132      0.551611E+00     -0.121633E+03     -0.105116E+03
       133      0.505396E+00     -0.138799E+02     -0.112499E+00
       134      0.500173E+00     -0.450324E+00     -0.166983E+01
       135      0.499516E+00      0.126019E+01      0.220136E+01
       136      0.500404E+00     -0.104844E+01     -0.156441E+01
       137      0.500015E+00     -0.398693E-01     -0.166991E+01
       138      0.500043E+00     -0.112527E+00     -0.166999E+01
       139      0.499883E+00      0.305498E+00     -0.167044E+01
       140      0.503631E+00     -0.937325E+01     -0.470857E+02
       141      0.817002E-01      0.665592E+04      0.688205E+04
       142      0.500355E+00     -0.922253E+00     -0.170167E+01
       143      0.500053E+00     -0.136917E+00     -0.167348E+01
       144      0.512349E+00     -0.313347E+02     -0.169549E+02
       145      0.528619E+00     -0.703808E+02     -0.646627E+02
       146      0.739721E-01      0.748710E+04      0.685918E+04
       147      0.500372E+00     -0.966900E+00     -0.166819E+01
       148      0.501434E+00     -0.371651E+01     -0.219518E+01
       149      0.171014E+00      0.250086E+04      0.227657E+04
       150      0.500124E+00     -0.322105E+00     -0.166998E+01
       151      0.500835E+00     -0.216763E+01     -0.182859E+01
       152      0.500517E+00     -0.134401E+01     -0.189023E+01
       153      0.285070E+00      0.980144E+03      0.113360E+04
       154      0.518095E+00     -0.454030E+02     -0.286181E+02
       155      0.405754E+00      0.301955E+03      0.304257E+03
       156      0.500115E+00     -0.299317E+00     -0.167015E+01
       157      0.887208E-01      0.602636E+04      0.609995E+04
       158      0.505275E+00     -0.135713E+02     -0.408340E+01
       159      0.498988E+00      0.263723E+01     -0.352147E+01
       160      0.725234E-01      0.766262E+04      0.714043E+04
       161      0.500294E+00     -0.763016E+00     -0.166932E+01
       162      0.621470E-01      0.915908E+04      0.871879E+04
       163      0.500082E+00     -0.212804E+00     -0.167002E+01
       164      0.597480E+00     -0.212097E+03     -0.165238E+03
       165      0.582178E+00     -0.183503E+03     -0.174218E+03
       166      0.499979E+00      0.547455E-01     -0.166895E+01
       167      0.500461E+00     -0.119709E+01     -0.191665E+01
       168      0.543021E+00     -0.102994E+03     -0.502495E+02
       169      0.556346E+00     -0.131662E+03     -0.140595E+03
       170      0.105770E+00      0.484540E+04      0.504712E+04
       171      0.499742E+00      0.670664E+00     -0.165565E+01
       172      0.799907E-01      0.682595E+04      0.717531E+04
       173      0.121088E+00      0.406801E+04      0.348514E+04
       174      0.520649E+00     -0.515580E+02     -0.299032E+02
       175      0.541511E+00     -0.996557E+02     -0.134436E+03
       176      0.501180E+00     -0.305970E+01     -0.141390E+01
       177      0.500071E+00     -0.185575E+00     -0.167043E+01
       178      0.499871E+00      0.335085E+00     -0.167086E+01
       179      0.463023E+00      0.103819E+03      0.188291E+03
       180      0.114535E+00      0.437510E+04      0.402778E+04
       181      0.500106E+00     -0.274946E+00     -0.166997E+01
       182      0.500107E+00     -0.276986E+00     -0.167001E+01
       183      0.537347E+00     -0.903525E+02     -0.900885E+02
       184      0.522796E+00     -0.566844E+02     -0.621163E+02
       185      0.499920E+00      0.207290E+00     -0.168912E+01
       186      0.310105E+00      0.796064E+03      0.104332E+04
       187      0.500079E+00     -0.204172E+00     -0.167003E+01
       188      0.506202E+00     -0.159282E+02     -0.214798E+02
       189      0.499830E+00      0.441642E+00     -0.167558E+01
       190      0.499170E+00      0.216096E+01     -0.117919E+01
       191      0.846976E+00     -0.532563E+03     -0.572622E+03
       192      0.499422E+00      0.150366E+01     -0.199426E+01
       193      0.104019E+00      0.494883E+04      0.555409E+04
       194      0.498294E+00      0.445153E+01     -0.216018E+01
       195      0.500173E+00     -0.449864E+00     -0.172633E+01
       196      0.150647E+00      0.301472E+04      0.265000E+04
       197      0.501152E+00     -0.298807E+01     -0.154563E+01
       198      0.506592E+00     -0.169158E+02     -0.275526E+01
       199      0.519487E+00     -0.487658E+02     -0.343248E+02
       200      0.500101E+00     -0.263052E+00     -0.166903E+01
       201      0.500129E+00     -0.334548E+00     -0.167003E+01
       202      0.278401E+00      0.103476E+04      0.122795E+04
       203      0.500030E+00     -0.767591E-01     -0.166890E+01
       204      0.538975E+00     -0.940064E+02     -0.148397E+03
       205      0.500062E+00     -0.161779E+00     -0.167000E+01
       206      0.499020E+00      0.255249E+01     -0.362944E+01
       207      0.500794E+00     -0.206044E+01     -0.148010E+01
       208      0.519907E+00     -0.497754E+02     -0.997590E+02
       209      0.313620E+00      0.772573E+03      0.529671E+03
       210      0.500763E+00     -0.197966E+01     -0.165909E+01
       211      0.500844E+00     -0.219016E+01     -0.135133E+01
       212      0.500259E+00     -0.672147E+00     -0.166887E+01
       213      0.500032E+00     -0.822775E-01     -0.135771E+01
       214      0.553533E-01      0.104428E+05      0.972155E+04
       215      0.544198E+00     -0.105583E+03     -0.140272E+03
       216      0.500229E+00     -0.596268E+00     -0.166985E+01
       217      0.540588E+00     -0.976051E+02     -0.137793E+03
       218      0.417858E+00      0.255552E+03      0.472832E+03
       219      0.112750E+00      0.446495E+04      0.466002E+04
       220      0.500127E+00     -0.329146E+00     -0.167001E+01
       221      0.499957E+00      0.112408E+00     -0.162489E+01
       222      0.573164E+00     -0.165943E+03     -0.185237E+03
       223      0.337641E+00      0.625124E+03      0.616649E+03
       224      0.858170E-01      0.627425E+04      0.516193E+04
       225      0.498237E+00      0.459979E+01     -0.331846E+01
       226      0.536492E+00     -0.884246E+02     -0.700740E+02
       227      0.499839E+00      0.419565E+00     -0.168012E+01
       228      0.500027E+00     -0.710820E-01     -0.166697E+01
       229      0.500029E+00     -0.744308E-01     -0.167001E+01
       230      0.974206E-01      0.537210E+04      0.590723E+04
       231      0.500064E+00     -0.166278E+00     -0.167000E+01
       232      0.500350E+00     -0.908687E+00     -0.167640E+01
       233      0.499987E+00      0.325094E-01     -0.166992E+01
       234      0.566446E-01      0.101750E+05      0.838703E+04
       235      0.542760E+00     -0.102418E+03     -0.128266E+03
       236      0.982141E-01      0.531820E+04      0.324015E+04
       237      0.500602E+00     -0.156219E+01     -0.153278E+01
       238      0.500204E+00     -0.530600E+00     -0.166987E+01
       239      0.500133E+00     -0.346159E+00     -0.166986E+01
       240      0.596102E+00     -0.209582E+03     -0.198735E+03
       241      0.806925E+00     -0.494472E+03     -0.408193E+03
       242      0.546404E+00     -0.110405E+03     -0.437646E+02
       243      0.500263E+00     -0.682414E+00     -0.167725E+01
       244      0.500166E+00     -0.432333E+00     -0.167000E+01
       245      0.502220E+00     -0.574580E+01     -0.251657E+01
       246      0.513326E+00     -0.337490E+02     -0.808385E+02
       247      0.500216E+00     -0.560079E+00     -0.166995E+01
       248      0.500920E+00     -0.238769E+01     -0.164214E+01
       249      0.500162E+00     -0.420319E+00     -0.166268E+01
       250      0.500016E+00     -0.418275E-01     -0.167065E+01
       251      0.500049E+00     -0.127600E+00     -0.166999E+01
       252      0.504009E+00     -0.103402E+02     -0.168998E+02
       253      0.501267E+00     -0.328530E+01     -0.113348E+01
       254      0.592062E-01      0.967858E+04      0.103357E+05
       255      0.500369E+00     -0.957810E+00     -0.166683E+01
       256      0.500229E+00     -0.594852E+00     -0.166990E+01
       257      0.499882E+00      0.305834E+00     -0.167046E+01
       258      0.219382E+00      0.166287E+04      0.146887E+04
       259      0.500061E+00     -0.158062E+00     -0.167018E+01
       260      0.502399E+00     -0.620643E+01     -0.877892E+01
       261      0.500250E+00     -0.648830E+00     -0.166950E+01
       262      0.500256E+00     -0.665075E+00     -0.166968E+01
       263      0.584162E+00     -0.187295E+03     -0.571098E+02
       264      0.344641E+00      0.586019E+03      0.442151E+03
       265      0.564900E+00     -0.149354E+03     -0.130326E+03
       266      0.498508E+00      0.389065E+01      0.481658E-01
       267      0.500317E+00     -0.822454E+00     -0.159145E+01
       268      0.498572E+00      0.372276E+01      0.331200E+01
       269      0.500177E+00     -0.458902E+00     -0.166988E+01
       270      0.486181E+00      0.369505E+02      0.274659E+02
       271      0.500669E+00     -0.173746E+01     -0.171585E+01
       272      0.500961E+00     -0.249333E+01     -0.799578E+00
       273      0.550234E+00     -0.118685E+03     -0.166086E+03
       274      0.500150E+00     -0.390441E+00     -0.166997E+01
       275      0.571187E+00     -0.162019E+03     -0.187080E+03
       276      0.471325E+00      0.790902E+02     -0.463790E+02
       277      0.113868E+00      0.440834E+04      0.427447E+04
       278      0.500098E+00     -0.255766E+00     -0.166999E+01
       279      0.289980E+00      0.941530E+03      0.767806E+03
       280      0.501556E+00     -0.403430E+01     -0.159614E+01
       281      0.500234E+00     -0.607526E+00     -0.166973E+01
       282      0.152601E+00      0.295947E+04      0.339770E+04
       283      0.500155E+00     -0.403788E+00     -0.166793E+01
       284      0.498942E+00      0.275662E+01     -0.189612E+01
       285      0.132380E+00      0.361012E+04      0.223983E+04
       286      0.500073E+00     -0.189692E+00     -0.166769E+01
       287      0.501427E+00     -0.369924E+01     -0.724936E+01
       288      0.499842E+00      0.410010E+00     -0.161454E+01
       289      0.528072E+00     -0.691080E+02     -0.101044E+03
       290      0.500001E+00     -0.304668E-02     -0.166795E+01
       291      0.121063E+00      0.406911E+04      0.330146E+04
       292      0.499603E+00      0.103321E+01     -0.174484E+01
       293      0.500239E+00     -0.620494E+00     -0.166899E+01
       294      0.499998E+00      0.552801E-02      0.200746E+02
       295      0.417817E+00      0.255703E+03      0.153696E+03
       296      0.499684E+00      0.823126E+00     -0.163774E+01
       297      0.542705E+00     -0.102297E+03     -0.118071E+03
       298      0.397719E+00      0.334319E+03      0.298772E+03
       299      0.596682E-01      0.959358E+04      0.948653E+04
       300      0.447745E+00      0.151718E+03      0.816895E+02
       301      0.500136E+00     -0.353346E+00     -0.166998E+01
       302      0.517233E+00     -0.433141E+02     -0.719727E+02
       303      0.500118E+00     -0.305810E+00     -0.167074E+01
       304      0.512119E+00     -0.307640E+02     -0.439980E+02
       305      0.500510E+00     -0.132574E+01     -0.167182E+01
       306      0.210666E+00      0.178545E+04      0.179619E+04
       307      0.548554E+00     -0.115066E+03     -0.167505E+03
       308      0.548839E+00     -0.115681E+03     -0.114298E+03
       309      0.183415E+00      0.224388E+04      0.219285E+04
       310      0.500204E+00     -0.531445E+00     -0.166991E+01
       311      0.583510E+00     -0.186051E+03     -0.237818E+03
       312      0.500035E+00     -0.918576E-01     -0.167009E+01
       313      0.527279E+00     -0.672550E+02     -0.448854E+02
       314      0.500065E+00     -0.169637E+00     -0.167010E+01
       315      0.562680E+00     -0.144815E+03     -0.181652E+03
       316      0.499978E+00      0.582561E-01     -0.166211E+01
       317      0.500181E+00     -0.471030E+00     -0.166991E+01
       318      0.500414E+00     -0.107434E+01      0.546838E+02
       319      0.500214E+00     -0.556873E+00     -0.170705E+01
       320      0.135085E+00      0.351178E+04      0.264581E+04
       321      0.508900E+00     -0.227341E+02     -0.138802E+02
       322      0.499908E+00      0.238917E+00     -0.167179E+01
       323      0.505537E+00     -0.142383E+02     -0.189005E+02
       324      0.542430E+00     -0.101689E+03     -0.788404E+02
       325      0.500232E+00     -0.603336E+00     -0.167484E+01
       326      0.551340E+00     -0.121053E+03     -0.103384E+03
       327      0.515925E+00     -0.401260E+02     -0.558562E+02
       328      0.499973E+00      0.702990E-01     -0.205963E+01
       329      0.214188E+00      0.173472E+04      0.140715E+04
       330      0.500515E+00     -0.133874E+01     -0.168239E+01
       331      0.580342E+00     -0.179971E+03     -0.132863E+03
       332      0.529711E+00     -0.729157E+02     -0.795536E+02
       333      0.500719E+00     -0.186657E+01     -0.166853E+01
       334      0.225464E+00      0.158294E+04      0.192453E+04
       335      0.506266E+00     -0.160904E+02     -0.232430E+01
       336      0.103848E+00      0.495914E+04      0.481456E+04
       337      0.508527E+00     -0.217993E+02     -0.870869E+02
       338      0.499651E+00      0.907961E+00     -0.164457E+01
       339      0.861935E-01      0.624117E+04      0.694781E+04
       340      0.500447E+00     -0.116040E+01     -0.165829E+01
       341      0.499614E+00      0.100378E+01     -0.171685E+01
       342      0.567862E+00     -0.155355E+03     -0.118238E+03
       343      0.207194E+00      0.183716E+04      0.193163E+04
       344      0.500319E+00     -0.829707E+00     -0.167275E+01
       345      0.500685E+00     -0.177908E+01     -0.185518E+01
       346      0.803021E-01      0.679443E+04      0.612995E+04
       347      0.499866E+00      0.347281E+00     -0.166248E+01
       348      0.500164E+00     -0.425393E+00     -0.166992E+01
       349      0.429623E+00      0.212955E+03      0.319951E+03
       350      0.499817E+00      0.476844E+00     -0.170141E+01
       351      0.568305E+00     -0.156248E+03     -0.174454E+03
       352      0.500382E+00     -0.991241E+00     -0.159080E+01
       353      0.498287E+00      0.447020E+01      0.114049E+00
       354      0.502148E+00     -0.556210E+01     -0.109580E+01
       355      0.538960E+00     -0.939726E+02     -0.813409E+02
       356      0.555654E+00     -0.130208E+03     -0.177105E+03
       357      0.556853E+00     -0.132727E+03     -0.133557E+03
       358      0.215635E+00      0.171435E+04      0.145106E+04
       359      0.506783E+00     -0.174010E+02     -0.171859E+02
       360      0.499945E+00      0.143363E+00     -0.167018E+01
       361      0.500257E+00     -0.668837E+00     -0.166292E+01
       362      0.500018E+00     -0.461092E-01     -0.166786E+01
       363      0.499988E+00      0.301453E-01     -0.166779E+01
       364      0.499915E+00      0.220624E+00     -0.166792E+01
       365      0.499122E+00      0.228687E+01     -0.736763E+01
       366      0.214497E+00      0.173035E+04      0.209325E+04
       367      0.499768E+00      0.604169E+00     -0.163800E+01
       368      0.500053E+00     -0.137127E+00     -0.184077E+01
       369      0.500135E+00     -0.351575E+00     -0.166986E+01
       370      0.499535E+00      0.121025E+01     -0.507773E+01
       371      0.499974E+00      0.687549E-01     -0.166421E+01
       372      0.500203E+00     -0.528406E+00     -0.167003E+01
       373      0.518962E+00     -0.475007E+02     -0.453477E+02
       374      0.101666E+00      0.509348E+04      0.554282E+04
       375      0.500205E+00     -0.531776E+00     -0.166999E+01
       376      0.562151E+00     -0.143727E+03     -0.101363E+03
       377      0.500149E+00     -0.387728E+00     -0.167003E+01
       378      0.471135E+00      0.796478E+02      0.162810E+03
       379      0.500215E+00     -0.558085E+00     -0.167014E+01
       380      0.500230E+00     -0.596741E+00     -0.206985E+01
       381      0.500237E+00     -0.615663E+00     -0.166991E+01
       382      0.507169E+00     -0.183769E+02     -0.665988E+01
       383      0.500792E+00     -0.205540E+01     -0.164769E+01
       384      0.503552E+00     -0.917101E+01     -0.496347E+00
       385      0.501523E+00     -0.394767E+01     -0.200746E+01
       386      0.500174E+00     -0.452579E+00     -0.167192E+01
       387      0.500201E+00     -0.521458E+00     -0.167003E+01
       388      0.526336E+00     -0.650475E+02     -0.102151E+03
       389      0.499634E+00      0.951606E+00     -0.160951E+01
       390      0.501359E+00     -0.352321E+01     -0.268039E+01
       391      0.205903E+00      0.185683E+04      0.156320E+04
       392      0.499900E+00      0.261063E+00     -0.166977E+01
       393      0.504855E+00     -0.125015E+02     -0.195408E+02
       394      0.500009E+00     -0.233823E-01     -0.162817E+01
       395      0.501169E+00     -0.303213E+01     -0.169164E+01
       396      0.529589E-01      0.109737E+05      0.103158E+05
       397      0.499982E+00      0.464900E-01     -0.167006E+01
       398      0.500040E+00     -0.102951E+00     -0.167000E+01
       399      0.501951E+00     -0.505416E+01     -0.135929E+01
       400      0.498968E+00      0.268950E+01      0.532043E+00
       401      0.501104E+00     -0.286530E+01     -0.822485E+00
       402      0.141624E+00      0.328961E+04      0.338661E+04
       403      0.502415E+00     -0.624936E+01     -0.454370E+01
       404      0.503792E+00     -0.978397E+01     -0.314640E+01
       405      0.502080E+00     -0.538642E+01     -0.201790E+01
       406      0.346350E+00      0.576717E+03      0.428656E+03
       407      0.582356E-01      0.986157E+04      0.100635E+05
       408      0.500010E+00     -0.250734E-01     -0.166999E+01
       409      0.388712E+00      0.372191E+03      0.288135E+03
       410      0.507183E+00     -0.184124E+02     -0.268053E+02
       411      0.499929E+00      0.183494E+00     -0.164651E+01
       412      0.502364E+00     -0.611809E+01     -0.238892E+01
       413      0.500035E+00     -0.898488E-01     -0.166998E+01
       414      0.165578E+00      0.262564E+04      0.257664E+04
       415      0.504431E+00     -0.114192E+02      0.997914E+00
       416      0.507210E+00     -0.184803E+02      0.289850E+01
       417      0.440485E+00      0.175648E+03      0.208307E+03
       418      0.500022E+00     -0.574206E-01     -0.166999E+01
       419      0.500047E+00     -0.122921E+00     -0.166997E+01
       420      0.118806E+00      0.417111E+04      0.388613E+04
       421      0.520487E+00     -0.511685E+02     -0.904027E+02
       422      0.249282E+00      0.130749E+04      0.134117E+04
       423      0.504445E+00     -0.114553E+02     -0.267296E+02
       424      0.901072E-01      0.591363E+04      0.582948E+04
       425      0.845070E-01      0.639167E+04      0.675020E+04
       426      0.500020E+00     -0.510114E-01     -0.167001E+01
       427      0.286753E+00      0.966762E+03      0.110069E+04
       428      0.511748E+00     -0.298438E+02     -0.854734E+02
       429      0.499776E+00      0.583261E+00     -0.169861E+01
       430      0.500548E+00     -0.142252E+01     -0.162215E+01
       431      0.221398E+00      0.163589E+04      0.131107E+04
       432      0.526391E-01      0.110482E+05      0.119674E+05
       433      0.505469E+00     -0.140658E+02     -0.862747E+01
       434      0.501091E+00     -0.283167E+01      0.388387E+01
       435      0.216825E+00      0.169781E+04      0.138964E+04
       436      0.491305E+00      0.230070E+02     -0.151572E+02
       437      0.498896E+00      0.287606E+01     -0.161479E+01
       438      0.500501E+00     -0.130178E+01     -0.169016E+01
       439      0.333299E+00      0.650200E+03      0.882621E+03
       440      0.201419E+00      0.192710E+04      0.225456E+04
       441      0.500145E+00     -0.377876E+00     -0.167001E+01
       442      0.499951E+00      0.127840E+00     -0.167004E+01
       443      0.569653E+00     -0.158954E+03     -0.168721E+03
       444      0.194604E+00      0.204012E+04      0.236160E+04
       445      0.220181E+00      0.165212E+04      0.109792E+04
       446      0.369945E+00      0.457016E+03      0.472728E+03
       447      0.499814E+00      0.483167E+00     -0.166454E+01
       448      0.551558E-01      0.104848E+05      0.118883E+05
       449      0.500415E+00     -0.107763E+01     -0.195773E+01
       450      0.500708E+00     -0.183839E+01     -0.164878E+01
       451      0.500157E+00     -0.408505E+00     -0.166173E+01
       452      0.500289E+00     -0.750474E+00     -0.170690E+01
       453      0.668497E-01      0.842330E+04      0.814854E+04
       454      0.154449E+00      0.290851E+04      0.281208E+04
       455      0.553973E+00     -0.126657E+03     -0.116892E+03
       456      0.133308E+00      0.357594E+04      0.412482E+04
       457      0.558943E+00     -0.137090E+03     -0.127431E+03
       458      0.499671E+00      0.855200E+00     -0.157634E+01
       459      0.499718E+00      0.732987E+00     -0.321336E+01
       460      0.500010E+00     -0.267478E-01     -0.166717E+01
       461      0.318699E+00      0.739544E+03      0.543667E+03
       462      0.500445E+00     -0.115695E+01     -0.164019E+01
       463      0.530919E+00     -0.757079E+02     -0.707477E+02
       464      0.510466E+00     -0.266545E+02     -0.469415E+01
       465      0.506538E+00     -0.167790E+02      0.189965E+01
       466      0.189143E+00      0.213655E+04      0.234136E+04
       467      0.166645E+00      0.260051E+04      0.304214E+04
       468      0.182097E+00      0.226952E+04      0.229575E+04
       469      0.505376E+00     -0.138292E+02     -0.305488E+02
       470      0.500220E+00     -0.570580E+00     -0.165947E+01
       471      0.500166E+00     -0.432495E+00     -0.166997E+01
       472      0.501729E+00     -0.447981E+01      0.283994E+01
       473      0.500037E+00     -0.959071E-01     -0.166975E+01
       474      0.248768E+00      0.131288E+04      0.126709E+04
       475      0.500663E+00     -0.172067E+01     -0.139306E+01
       476      0.500300E+00     -0.778722E+00     -0.158076E+01
       477      0.501944E+00     -0.503581E+01     -0.145299E+01
       478      0.516265E+00     -0.409557E+02     -0.578346E+02
       479      0.501446E+00     -0.374841E+01     -0.156819E+01
       480      0.500070E+00     -0.181848E+00     -0.167003E+01
       481      0.500817E+00     -0.212172E+01     -0.716534E+00
       482      0.744261E-01      0.743349E+04      0.610279E+04
       483      0.536119E+00     -0.875824E+02     -0.103729E+03
       484      0.526446E+00     -0.653052E+02     -0.389941E+02
       485      0.500066E+00     -0.171539E+00     -0.166999E+01
       486      0.500027E+00     -0.695923E-01     -0.166949E+01
       487      0.500320E+00     -0.832022E+00     -0.166941E+01
       488      0.325924E+00      0.694332E+03      0.647902E+03
       489      0.500033E+00     -0.864344E-01     -0.167000E+01
       490      0.360930E+00      0.500906E+03      0.615449E+03
       491      0.527023E+00     -0.666579E+02     -0.568369E+02
       492      0.500451E+00     -0.117238E+01     -0.173646E+01
       493      0.201866E+00      0.191996E+04      0.134215E+04
       494      0.500256E+00     -0.666040E+00     -0.168184E+01
       495      0.500439E+00     -0.113965E+01     -0.175680E+01
       496      0.624991E-01      0.910016E+04      0.869670E+04
       497      0.428223E+00      0.217901E+03      0.308356E+03
       498      0.527816E+00     -0.685093E+02     -0.740134E+02
       499      0.499826E+00      0.452931E+00     -0.167026E+01
       500      0.240293E+00      0.140503E+04      0.137434E+04
       501      0.186324E+00      0.218854E+04      0.124992E+04
       502      0.734010E+00     -0.414454E+03     -0.440285E+03
       503      0.202403E+00      0.191141E+04      0.140150E+04
       504      0.503137E+00     -0.810480E+01     -0.153271E+01
       505      0.500208E+00     -0.541549E+00     -0.167032E+01
       506      0.514430E+00     -0.364644E+02      0.806977E+02
       507      0.500025E+00     -0.640924E-01     -0.166997E+01
       508      0.539680E-01      0.107442E+05      0.997974E+04
       509      0.499865E+00      0.352190E+00     -0.167461E+01
       510      0.509957E+00     -0.253817E+02     -0.639605E+02
       511      0.500031E+00     -0.806499E-01     -0.166981E+01
       512      0.530137E+00     -0.739014E+02     -0.128931E+03
       513      0.642887E-01      0.881064E+04      0.843017E+04
       514      0.546063E+00     -0.109662E+03     -0.139078E+03
       515      0.949650E-01      0.554462E+04      0.514917E+04
       516      0.550919E+00     -0.120154E+03     -0.131878E+03
       517      0.500024E+00     -0.635201E-01     -0.166995E+01
       518      0.542479E+00     -0.101797E+03     -0.798713E+02
       519      0.515847E+00     -0.399375E+02     -0.109217E+02
       520      0.538874E+00     -0.937819E+02     -0.610266E+02
       521      0.102965E+00      0.501280E+04      0.475770E+04
       522      0.526360E+00     -0.651046E+02     -0.544748E+02
       523      0.504376E+00     -0.112800E+02     -0.570338E+02
       524      0.500148E+00     -0.385018E+00     -0.167187E+01
       525      0.272105E+00      0.108878E+04      0.133180E+04
       526      0.499981E+00      0.495358E-01     -0.166976E+01
       527      0.572564E+00     -0.164756E+03     -0.187300E+03
       528      0.497203E+00      0.731302E+01     -0.256577E+02
       529      0.547620E+00     -0.113047E+03     -0.107846E+03
       530      0.499986E+00      0.369462E-01     -0.169343E+01
       531      0.499596E+00      0.105225E+01     -0.130003E+01
       532      0.499982E+00      0.467427E-01     -0.130932E+01
       533      0.532093E+00     -0.784092E+02     -0.872522E+02
       534      0.501999E+00     -0.517739E+01     -0.182129E+01
       535      0.780824E-01      0.702454E+04      0.660438E+04
       536      0.513009E+00     -0.329649E+02     -0.489961E+02
       537      0.500982E+00     -0.254838E+01     -0.166626E+01
       538      0.199232E+00      0.196252E+04      0.193634E+04
       539      0.501768E+00     -0.458037E+01     -0.299598E+01
       540      0.500729E+00     -0.189178E+01     -0.172744E+01
       541      0.500123E+00     -0.318926E+00     -0.167398E+01
       542      0.532181E+00     -0.786113E+02     -0.838229E+02
       543      0.499994E+00      0.157317E-01     -0.166987E+01
       544      0.201787E+00      0.192122E+04      0.213862E+04
       545      0.107175E+00      0.476486E+04      0.529511E+04
       546      0.500059E+00     -0.152498E+00     -0.167035E+01
       547      0.500125E+00     -0.325478E+00     -0.167000E+01
       548      0.500004E+00     -0.104764E-01     -0.167000E+01
       549      0.500042E+00     -0.109423E+00     -0.166905E+01
       550      0.493078E+00      0.182503E+02     -0.391038E+02
       551      0.500147E+00     -0.381740E+00     -0.167070E+01
       552      0.635239E+00     -0.276763E+03     -0.203506E+03
       553      0.288115E+00      0.956040E+03      0.856909E+03
       554      0.500029E+00     -0.763977E-01     -0.166997E+01
       555      0.506053E+00     -0.155493E+02     -0.746069E+01
       556      0.424477E+00      0.231298E+03      0.358887E+03
       557      0.535645E+00     -0.865090E+02     -0.119789E+03
       558      0.500131E+00     -0.339490E+00     -0.166993E+01
       559      0.501892E+00     -0.490153E+01     -0.249269E+01
       560      0.500204E+00     -0.530657E+00     -0.167032E+01
       561      0.474052E+00      0.711586E+02      0.259637E+02
       562      0.344670E+00      0.585863E+03      0.538022E+03
       563      0.502054E+00     -0.531884E+01     -0.450670E+01
       564      0.499787E+00      0.552925E+00     -0.166736E+01
       565      0.500057E+00     -0.147854E+00     -0.167023E+01
       566      0.499773E+00      0.591295E+00     -0.167472E+01
       567      0.469165E+00      0.854404E+02      0.625299E+02
       568      0.500383E+00     -0.993799E+00     -0.167942E+01
       569      0.530847E+00     -0.755411E+02     -0.794221E+02
       570      0.500041E+00     -0.107543E+00     -0.167000E+01
       571      0.500097E+00     -0.252342E+00     -0.156849E+01
       572      0.522008E+00     -0.548085E+02      0.231287E+02
       573      0.513432E-01      0.113599E+05      0.109913E+05
       574      0.500143E+00     -0.371104E+00     -0.166998E+01
       575      0.518473E+00     -0.463195E+02     -0.222634E+02
       576      0.500149E+00     -0.387262E+00     -0.166790E+01
       577      0.500016E+00     -0.415963E-01     -0.166987E+01
       578      0.500487E+00     -0.126488E+01     -0.179609E+01
       579      0.500061E+00     -0.157701E+00     -0.167000E+01
       580      0.514862E+00     -0.375265E+02     -0.563272E+02
       581      0.500489E+00     -0.127113E+01     -0.154376E+01
       582      0.500331E+00     -0.859973E+00     -0.167041E+01
       583      0.368685E+00      0.463020E+03      0.583278E+03
       584      0.146443E+00      0.313859E+04      0.283972E+04
       585      0.500054E+00     -0.139420E+00     -0.293040E+01
       586      0.532103E+00     -0.784329E+02     -0.194337E+02
       587      0.500142E+00     -0.368643E+00     -0.167000E+01
       588      0.500493E+00     -0.128019E+01     -0.174085E+01
       589      0.344923E+00      0.584479E+03      0.764542E+03
       590      0.500110E+00     -0.284800E+00     -0.167030E+01
       591      0.500146E+00     -0.379032E+00     -0.166999E+01
       592      0.500181E+00     -0.469501E+00     -0.167037E+01
       593      0.500677E+00     -0.175753E+01     -0.160298E+01
       594      0.112423E+00      0.448175E+04      0.517450E+04
       595      0.302738E+00      0.847073E+03      0.676390E+03
       596      0.253033E+00      0.126884E+04      0.137813E+04
       597      0.565080E+00     -0.149719E+03     -0.128102E+03
       598      0.946059E-01      0.557061E+04      0.571012E+04
       599      0.500064E+00     -0.166923E+00     -0.166997E+01
       600      0.500076E+00     -0.197412E+00     -0.167000E+01
       601      0.735691E-01      0.753523E+04      0.725160E+04
       602      0.500163E+00     -0.424247E+00     -0.166986E+01
       603      0.498648E+00      0.352391E+01     -0.209014E+02
       604      0.499943E+00      0.147534E+00     -0.166943E+01
       605      0.557361E+00     -0.133790E+03     -0.155431E+03
       606      0.557901E+00     -0.134918E+03     -0.141552E+03
       607      0.500105E+00     -0.273296E+00     -0.162540E+01
       608      0.500710E+00     -0.184259E+01     -0.162506E+01
       609      0.500234E+00     -0.607124E+00     -0.166991E+01
       610      0.500156E+00     -0.406596E+00     -0.433399E+00
       611      0.499856E+00      0.373237E+00     -0.166889E+01
       612      0.520437E+00     -0.510490E+02     -0.381921E+02
       613      0.603794E+00     -0.223474E+03     -0.157828E+03
       614      0.500299E+00     -0.776099E+00     -0.166542E+01
       615      0.502842E+00     -0.734671E+01     -0.457818E+01
       616      0.498810E+00      0.310078E+01     -0.621934E+00
       617      0.501056E+00     -0.273879E+01     -0.202908E+01
       618      0.177753E+00      0.235676E+04      0.232289E+04
       619      0.572097E+00     -0.163829E+03     -0.147411E+03
       620      0.499809E+00      0.497031E+00     -0.167400E+01
       621      0.502703E+00     -0.699100E+01     -0.364934E+00
       622      0.532044E+00     -0.782955E+02     -0.686760E+02
       623      0.505922E+00     -0.152158E+02     -0.593677E+00
       624      0.509995E+00     -0.254776E+02      0.205637E+01
       625      0.500054E+00     -0.141581E+00     -0.166993E+01
       626      0.499611E+00      0.101223E+01     -0.172427E+01
       627      0.500157E+00     -0.408170E+00     -0.166928E+01
       628      0.500990E+00     -0.256993E+01     -0.162438E+01
       629      0.500488E+00     -0.126818E+01     -0.210128E+01
       630      0.500025E+00     -0.642404E-01     -0.166966E+01
       631      0.499968E+00      0.839010E-01     -0.166822E+01
       632      0.549115E+00     -0.116276E+03     -0.907916E+02
       633      0.271569E+00      0.109350E+04      0.109540E+04
       634      0.119036E+00      0.416052E+04      0.436909E+04
       635      0.500121E+00     -0.313296E+00     -0.167000E+01
       636      0.515444E+00     -0.389510E+02     -0.312286E+02
       637      0.500068E+00     -0.175825E+00     -0.167000E+01
       638      0.500068E+00     -0.176261E+00     -0.166995E+01
       639      0.500006E+00     -0.164935E-01     -0.167014E+01
       640      0.509210E+00     -0.235140E+02      0.247921E+01
       641      0.501065E+00     -0.276350E+01     -0.226137E+01
       642      0.377618E+00      0.421317E+03      0.307841E+03
       643      0.515072E+00     -0.380410E+02     -0.289739E+02
       644      0.127680E+00      0.379084E+04      0.450944E+04
       645      0.515450E+00     -0.389667E+02     -0.620091E+02
       646      0.500011E+00     -0.289485E-01     -0.166992E+01
       647      0.294469E+00      0.907362E+03      0.732016E+03
       648      0.548209E+00     -0.114321E+03     -0.118767E+03
       649      0.532560E-01      0.109052E+05      0.981654E+04
       650      0.499673E+00      0.851054E+00     -0.163474E+01
       651      0.500009E+00     -0.226764E-01     -0.166171E+01
       652      0.507945E+00     -0.203344E+02     -0.231238E+02
       653      0.171529E+00      0.248945E+04      0.198628E+04
       654      0.500062E+00     -0.161393E+00     -0.166999E+01
       655      0.500056E+00     -0.145869E+00     -0.166996E+01
       656      0.500022E+00     -0.562836E-01     -0.166929E+01
       657      0.528323E+00     -0.696915E+02     -0.939854E+02
       658      0.501005E+00     -0.260747E+01     -0.163836E+01
       659      0.213538E+00      0.174395E+04      0.165661E+04
       660      0.500089E+00     -0.232091E+00     -0.167002E+01
       661      0.500024E+00     -0.612064E-01     -0.166902E+01
       662      0.536970E-01      0.108050E+05      0.102555E+05
       663      0.108142E+00      0.471060E+04      0.482338E+04
       664      0.500065E+00     -0.168724E+00     -0.167000E+01
       665      0.500112E+00     -0.290730E+00     -0.167015E+01
       666      0.509103E+00     -0.232441E+02     -0.940365E+01
       667      0.508764E+00     -0.223940E+02     -0.104863E+02
       668      0.500327E+00     -0.848811E+00     -0.166103E+01
       669      0.501043E+00     -0.270744E+01     -0.168621E+01
       670      0.499910E+00      0.233825E+00     -0.152807E+01
       671      0.461519E+00      0.108392E+03      0.646895E+02
       672      0.791524E-01      0.691201E+04      0.675876E+04
       673      0.499478E+00      0.135883E+01     -0.129013E+01
       674      0.500100E+00     -0.261228E+00     -0.167000E+01
       675      0.225683E+00      0.158015E+04      0.170186E+04
       676      0.505520E+00     -0.141945E+02     -0.279792E+01
       677      0.500584E+00     -0.151613E+01     -0.165687E+01
       678      0.501354E+00     -0.351095E+01     -0.167618E+01
       679      0.500005E+00     -0.117101E-01     -0.167032E+01
       680      0.500134E+00     -0.348664E+00     -0.163157E+01
       681      0.501429E+00     -0.370566E+01      0.123012E+03
       682      0.189044E+00      0.213836E+04      0.188515E+04
       683      0.365310E+00      0.479312E+03      0.588943E+03
       684      0.510126E+00     -0.258048E+02     -0.949462E-01
       685      0.502525E+00     -0.653237E+01     -0.973906E+00
       686      0.556002E+00     -0.130940E+03     -0.150594E+03
       687      0.571435E+00     -0.162512E+03     -0.162508E+03
       688      0.500512E+00     -0.132926E+01     -0.147354E+01
       689      0.505697E+00     -0.146457E+02     -0.731469E+01
       690      0.503024E+00     -0.781549E+01      0.215510E+00
       691      0.430034E+00      0.211508E+03      0.190325E+03
       692      0.595407E+00     -0.208310E+03     -0.218644E+03
       693      0.500143E+00     -0.370839E+00     -0.167000E+01
       694      0.500219E+00     -0.569594E+00     -0.166975E+01
       695      0.339909E+00      0.612275E+03      0.635892E+03
       696      0.113443E+00      0.442976E+04      0.395651E+04
       697      0.550996E+00     -0.120318E+03     -0.834104E+02
       698      0.499600E+00      0.103997E+01     -0.192020E+01
       699      0.281541E+00      0.100872E+04      0.127645E+04
       700      0.500369E+00     -0.957849E+00     -0.166888E+01
       701      0.500138E+00     -0.358179E+00     -0.167001E+01
       702      0.427435E+00      0.220701E+03      0.280491E+03
       703      0.499928E+00      0.186477E+00     -0.166903E+01
       704      0.500213E+00     -0.554622E+00     -0.166986E+01
       705      0.167925E+00      0.257078E+04      0.206189E+04
       706      0.331828E+00      0.658846E+03      0.703147E+03
       707      0.500959E+00     -0.248986E+01     -0.188084E+01
       708      0.534407E+00     -0.836989E+02     -0.804589E+02
       709      0.828232E-01      0.654804E+04      0.705387E+04
       710      0.500002E+00     -0.638053E-02     -0.167041E+01
       711      0.126758E+00      0.382787E+04      0.355144E+04
       712      0.499934E+00      0.171438E+00     -0.167246E+01
       713      0.655922E-01      0.860972E+04      0.944703E+04
       714      0.570685E+00     -0.161019E+03     -0.116646E+03
       715      0.527783E+00     -0.684326E+02     -0.563484E+02
       716      0.500069E+00     -0.180160E+00     -0.166999E+01
       717      0.500116E+00     -0.301571E+00     -0.166998E+01
       718      0.488819E+00      0.297347E+02     -0.509420E+02
       719      0.489862E+00      0.269031E+02      0.764012E+02
       720      0.536411E+00     -0.882416E+02     -0.141016E+03
       721      0.499155E+00      0.219960E+01     -0.138344E+01
       722      0.558062E+00     -0.135256E+03     -0.113428E+03
       723      0.128449E+00      0.376038E+04      0.313991E+04
       724      0.500134E+00     -0.348652E+00     -0.166995E+01
       725      0.530078E+00     -0.737658E+02     -0.472642E+02
       726      0.501857E+00     -0.481019E+01     -0.123382E+01
       727      0.500089E+00     -0.231753E+00     -0.166977E+01
       728      0.534032E+00     -0.828434E+02     -0.111136E+03
       729      0.145382E+00      0.317098E+04      0.318375E+04
       730      0.314197E+00      0.768764E+03      0.672611E+03
       731      0.944583E-01      0.558135E+04      0.586807E+04
       732      0.442270E+00      0.169689E+03      0.184658E+03
       733      0.441534E+00      0.172142E+03      0.217330E+03
       734      0.500303E+00     -0.787272E+00     -0.166597E+01
       735      0.379224E+00      0.414028E+03      0.462937E+03
       736      0.499888E+00      0.290106E+00     -0.167823E+01
       737      0.501291E+00     -0.334737E+01      0.741648E+00
       738      0.500162E+00     -0.421395E+00     -0.167056E+01
       739      0.431271E+00      0.207175E+03      0.301795E+03
       740      0.488936E+00      0.294181E+02     -0.150189E+02
       741      0.499764E+00      0.614702E+00     -0.163742E+01
       742      0.537399E+00     -0.904711E+02     -0.869746E+02
       743      0.504466E+00     -0.115087E+02     -0.960652E+01
       744      0.499393E+00      0.157893E+01     -0.150136E+01
       745      0.500317E+00     -0.824775E+00     -0.167905E+01
       746      0.509770E+00     -0.249152E+02     -0.109498E+02
       747      0.500797E+00     -0.206816E+01     -0.171195E+01
       748      0.500322E+00     -0.835528E+00     -0.162771E+01
       749      0.502646E+00     -0.684453E+01     -0.396140E+01
       750      0.502246E+00     -0.581439E+01     -0.285767E+01
       751      0.571411E+00     -0.162466E+03     -0.127249E+03
       752      0.500168E+00     -0.435584E+00     -0.166990E+01
       753      0.271569E+00      0.109350E+04      0.103646E+04
       754      0.462198E+00      0.106325E+03      0.803935E+01
       755      0.500117E+00     -0.304263E+00     -0.166999E+01
       756      0.371277E+00      0.450717E+03      0.326387E+03
       757      0.502548E+00     -0.659243E+01     -0.148959E+02
       758      0.500085E+00     -0.221515E+00     -0.150056E+01
       759      0.501487E+00     -0.385426E+01     -0.467711E+00
       760      0.500259E+00     -0.674302E+00     -0.150872E+01
       761      0.500068E+00     -0.178016E+00     -0.166973E+01
       762      0.533290E-01      0.108885E+05      0.101699E+05
       763      0.419089E+00      0.250984E+03      0.303831E+03
       764      0.500086E+00     -0.224487E+00     -0.166999E+01
       765      0.531675E+00     -0.774476E+02     -0.132554E+03
       766      0.500002E+00     -0.505103E-02     -0.166984E+01
       767      0.502837E+00     -0.733565E+01     -0.296044E+00
       768      0.592744E+00     -0.203406E+03     -0.186993E+03
       769      0.500473E+00     -0.122780E+01     -0.166227E+01
       770      0.500007E+00     -0.189609E-01      0.179630E+01
       771      0.500229E+00     -0.595485E+00     -0.166901E+01
       772      0.495846E+00      0.108913E+02     -0.804932E+01
       773      0.499801E+00      0.518405E+00     -0.167024E+01
       774      0.500189E+00     -0.490878E+00     -0.167843E+01
       775      0.500129E+00     -0.334548E+00     -0.167000E+01
       776      0.500150E+00     -0.388706E+00     -0.166636E+01
       777      0.350110E+00      0.556561E+03      0.577152E+03
       778      0.499830E+00      0.441279E+00     -0.167356E+01
       779      0.500105E+00     -0.273663E+00     -0.166995E+01
       780      0.499987E+00      0.332068E-01     -0.166998E+01
       781      0.569970E+00     -0.159589E+03     -0.194645E+03
       782      0.503008E+00     -0.777375E+01      0.467558E+01
       783      0.313660E+00      0.772307E+03      0.501231E+03
       784      0.319021E+00      0.737484E+03      0.696034E+03
       785      0.500014E+00     -0.372315E-01     -0.167000E+01
       786      0.505686E+00     -0.146169E+02     -0.424477E+01
       787      0.538443E+00     -0.928156E+02     -0.797537E+02
       788      0.500083E+00     -0.214796E+00     -0.166995E+01
       789      0.423680E+00      0.234178E+03      0.193616E+03
       790      0.500063E+00     -0.164592E+00     -0.166917E+01
       791      0.500048E+00     -0.125152E+00     -0.167049E+01
       792      0.780274E-01      0.703040E+04      0.714342E+04
       793      0.573179E+00     -0.165974E+03     -0.190791E+03
       794      0.500009E+00     -0.242010E-01     -0.166998E+01
       795      0.505365E+00     -0.138011E+02     -0.240260E+02
       796      0.602682E+00     -0.221488E+03     -0.204979E+03
       797      0.500075E+00     -0.195560E+00     -0.166999E+01
       798      0.499879E+00      0.315877E+00     -0.153205E+01
       799      0.514086E+00     -0.356203E+02     -0.286595E+02
       800      0.390361E+00      0.365126E+03      0.336813E+03
       801      0.500075E+00     -0.196093E+00     -0.167010E+01
       802      0.493669E-01      0.118667E+05      0.142514E+05
       803      0.452848E+00      0.135359E+03      0.889949E+02
       804      0.970765E-01      0.539575E+04      0.521347E+04
       805      0.499981E+00      0.503476E-01     -0.166971E+01
       806      0.500316E+00     -0.820647E+00     -0.169448E+01
       807      0.550949E+00     -0.120216E+03     -0.137543E+03
       808      0.500027E+00     -0.695497E-01     -0.166973E+01
       809      0.501932E+00     -0.500388E+01     -0.232822E+01
       810      0.610690E+00     -0.235629E+03     -0.192081E+03
       811      0.501286E+00     -0.333590E+01     -0.159030E+02
       812      0.738247E-01      0.750465E+04      0.661783E+04
       813      0.499946E+00      0.140993E+00     -0.173560E+01
       814      0.503113E+00     -0.804245E+01     -0.331083E+01
       815      0.500074E+00     -0.192929E+00     -0.166999E+01
       816      0.737147E-01      0.751779E+04      0.691128E+04
       817      0.500156E+00     -0.404274E+00     -0.167320E+01
       818      0.434446E+00      0.196159E+03      0.184186E+03
       819      0.500751E+00     -0.194873E+01     -0.161480E+01
       820      0.502874E+00     -0.742847E+01     -0.137235E+02
       821      0.501749E+00     -0.453144E+01     -0.446756E+01
       822      0.496225E+00      0.989098E+01      0.164888E+02
       823      0.501113E+00     -0.288837E+01     -0.346829E+01
       824      0.513030E+00     -0.330183E+02     -0.299119E+02
       825      0.500102E+00     -0.264652E+00     -0.167000E+01
       826      0.518596E+00     -0.466167E+02     -0.279305E+02
       827      0.342065E+00      0.600226E+03      0.548610E+03
       828      0.500149E+00     -0.387048E+00     -0.166934E+01
       829      0.537770E+00     -0.913050E+02     -0.116334E+03
       830      0.500034E+00     -0.886788E-01     -0.167290E+01
       831      0.500071E+00     -0.183346E+00     -0.166966E+01
       832      0.128143E+00      0.377246E+04      0.321523E+04
       833      0.500141E+00     -0.366725E+00     -0.166992E+01
       834      0.500021E+00     -0.541253E-01     -0.167016E+01
       835      0.499738E+00      0.682652E+00     -0.478744E+01
       836      0.508184E+00     -0.209356E+02     -0.523062E+01
       837      0.153129E+00      0.294477E+04      0.281948E+04
       838      0.499944E+00      0.145582E+00     -0.167008E+01
       839      0.235457E+00      0.146059E+04      0.126386E+04
       840      0.194103E+00      0.204873E+04      0.226982E+04
